0
0
0
0
0
0.0064
0.0064
0.0063
0.0063
0.0064
0.0063
0.0064
0.0063
0.0063
0.0064
0.0064
0.0064
0.0063
0.0064
0.0062
0.0064
0.0064
0.0064
0.0063
0.0063
0.0064
0.0063
0.0064
0.0063
0.0063
0.0064
0.0064
0.0064
0.0063
0.0063
0.0063
0.0001
0
0
0
0
0
0
0
0
0
0
0
0
0
0
0
0
0
0
0
0
0
0
0
0
0
0
0
0
0
0
0.0026
0.0216
0.0215
0.0215
0.0216
0.0215
0.0215
0.0216
0.0215
0.0215
0.0216
0.0216
0.0214
0.0216
0.0216
0.0215
0.0215
0.0216
0.0215
0.0215
0.0216
0.0215
0.0215
0.0216
0.0216
0.0214
0.0216
0.0216
0.0215
0.0215
0.02
0
0
